1 19 7.4 	2 40 2
1 18 4.6 	2 32 2
1 2   4.9 	2 32 2
1 3   4.1 	2 13 1
1 22 10.2 2 19 1
1 11 7.9   4 45 2
1 4   12.4 3 24 1
1 5   15.4 3 30 1
1 20 7.8 	1 45 2
1 14 24.2 4 48 1
1 15 26.6 4 52 1
1 13 18.2 4 41 1
1 8   18.7 4 40 1
1 24 20.3 4 43 1
1 26 30.8 4 63 1
2 3   8.1 	3 47 2
2 28 14.4 6 76 2
2 27 14.4 6 73 2
3 11 4.0   2 29 2
3 21 4.4   2 30 2
3 22 7.6   2 31 1
3 4   9.1   2 26 1
3 5   12.1 3 31 1
3 14 20.8 4 49 1
3 15 23.2 4 53 1
3 13 14.9 3 42 1
3 8   15.4 4 41 1
3 24 17.0 4 44 1
3 26 27.5 4 64 1
4 22 2.2   2 8   1
4 6   4.3   1 31 2
4 23 4.3   1 31 2
4 7   5.2   2 26 2
4 5   3.0   2 9   2
4 13 5.8   2 20 1
4 14 11.8 3 27 1
4 15 14.2 3 31 1
4 8   6.3   2 19 1
4 24 8.0   2 22 1
4 26 18.4 4 42 1
5 8   3.3   2 10 1
5 13 2.8   2 11 1
5 14 8.8   2 21 1
5 15 11.2 3 25 1
5 24 4.9   2 13 1
5 26 15.4 3 33 1
5 10 4.8   2 35 2
5 9   4.0   2 33 2
6 12 3.8   2 34 2
6 22 3.3   2 27 2
6 11 5.8   2 41 2
7 23 3.5   2 43 2
7 13 1.0   1 3   2
8 24 1.6   2 6   1
8 26 12.1 3 26 1
8 13 6.0   2 17 1
8 14 12.1 3 30 1
8 15 14.5 3 34 1
8 9   4.2   2 36 2
8 17 4.6   1 38 2
8 22 6.3   2 19 1
9 17 5.4   2 47 2
9 16 4.7   2 36 2
10 13 5.1 1 40 2
10 14 8.7 4 51 2
10 29 3.9 1 35 2
10 30 7.4 2 62 2
10 31 8.7 2 51 2
10 32 13.3 1 72 2
11 12 3.5 1 24 2
11 21 6.8 3 55 2
13 23 2.9 2 36 2
13 29 1.6 2 24 2
13 14 11.6 3 31 1
13 15 14.0 3 35 1
13 24 7.6   2 20 1
13 26 18.1 4 40 1
14 15 2.4   2 7   1
14 24 13.7 3 32 1
14 26 24.2 4 52 1
15 24 16.1 4 36 1
15 26 26.6 4 56 1
16 17 14.4 3 79 2
17 25 8.4   2 57 2
18 19 4.5   2 27 2
18 20 1.2   2 21 2
19 20 5.6   2 35 2
20 21 8.2   5 72 2
22 27 1.5   2 20 2
22 5   5.2   2 14 1
22 14 14.0 3 32 1
22 15 16.4 4 36 1
22 13 8.0   2 25 1
22 24 10.1 3 27 1
22 26 20.6 4 47 1
23 29 4.3   2 44 2
23 31 8.5   5 63 2
24 26 10.5 2 23 1
25 26 4.4   1 27 2
27 28 1.6   2 20 2
29 30 6.7   2 52 2
29 31 5.7   3 53 2
30 31 4.9   2 48 2
31 32 3.2   1 29 2